2 0.7265625 0.8 0.35 0.1421875
2 0.8140625 0.9328125 0.371875 0.13125
2 0.48515625 0.6 0.39765625 0.153125
2 0.82109375 0.5515625 0.246875 0.18984375
2 0.66640625 0.33515625 0.16484375 0.07890625
2 0.5453125 0.2625 0.165625 0.1390625
2 0.51171875 0.14765625 0.14921875 0.0765625
2 0.4859375 0.0703125 0.06875 0.0828125
2 0.22265625 0.36171875 0.11328125 0.09921875
2 0.22265625 0.28125 0.09296875 0.0609375
2 0.27578125 0.8140625 0.4765625 0.37109375
0 0.57890625 0.46484375 0.159375 0.078125
3 0.08359375 0.40546875 0.1390625 0.09765625
3 0.0953125 0.26171875 0.1625 0.1265625
1 0.28203125 0.12734375 0.14296875 0.18671875